{
 "cells": [
  {
   "cell_type": "code",
   "execution_count": 2,
   "metadata": {},
   "outputs": [],
   "source": [
    "import numpy as np"
   ]
  },
  {
   "cell_type": "code",
   "execution_count": 88,
   "metadata": {},
   "outputs": [],
   "source": [
    "Lx, Ly, Lz = 1, 1, 1\n",
    "nodes = 8\n",
    "hx = Lx / (nodes - 1)\n",
    "hy = Ly / (nodes - 1)\n",
    "hz = Lz / (nodes - 1)\n",
    "\n",
    "\n",
    "time_ticks = 10\n",
    "tau = 1e-2\n",
    "\n",
    "# X = np.arange(nodes)[:, np.newaxis, np.newaxis, np.newaxis] / (nodes - 1) * Lx\n",
    "# Y = np.arange(nodes)[np.newaxis, :, np.newaxis, np.newaxis] / (nodes - 1) * Ly\n",
    "# Z = np.arange(nodes)[np.newaxis, np.newaxis, :, np.newaxis] / (nodes - 1) * Lz\n",
    "# T = np.arange(time_ticks)[np.newaxis, np.newaxis, np.newaxis, :] * tau\n",
    "\n",
    "# mult = np.pi ** 2 * (1 / (Lx ** 2) + 1 / (Ly**2) + 1 / (Lz**2) )\n",
    "# analytical = np.sin(np.pi * X / Lx) * \\\n",
    "#             np.sin(np.pi * Y / Ly) *\\\n",
    "#             np.sin(np.pi * Z / Lz) * \\\n",
    "#             np.cos(T + 2*np.pi) / mult\n",
    "\n",
    "\n",
    "\n",
    "def anal(Lx, Ly, Lz, N, K, tau):\n",
    "    xx = np.arange(N, dtype=np.float32) / (N-1) * Lx\n",
    "    yy = np.arange(N, dtype=np.float32) / (N-1) * Ly\n",
    "    zz = np.arange(N, dtype=np.float32) / (N-1) * Lz\n",
    "    tt = np.arange(K, dtype=np.float32) * tau\n",
    "\n",
    "\n",
    "    xx = np.sin(np.pi/Lx*xx)\n",
    "    yy = np.sin(np.pi/Ly*yy)\n",
    "    zz = np.sin(np.pi/Lz*zz)\n",
    "    tt = np.cos(tt+2*np.pi)\n",
    "\n",
    "    ret = xx[:, None, None, None] * \\\n",
    "          yy[None, :, None, None] * \\\n",
    "          zz[None, None, :, None] * \\\n",
    "          tt[None, None, None, :]\n",
    "    ret /= np.pi**2*(1./Lx**2 + 1./Ly**2 + 1./Lz**2)\n",
    "    return ret\n",
    "\n",
    "analytical = anal(Lx, Ly, Lz, nodes,time_ticks, tau)\n",
    "# mult = np.pi ** 2 * (9 / (Lx ** 2) + 9 / (Ly**2) + 1 / (Lz**2) )\n",
    "# analytical = np.sin(3 * np.pi * X / Lx) * \\\n",
    "#             np.sin( 3 * np.pi * Y / Ly) * \\\n",
    "#             np.sin(np.pi * Z / Lz) * \\\n",
    "#             np.cos(4 * (T + np.pi)) / mult\n"
   ]
  },
  {
   "cell_type": "code",
   "execution_count": 81,
   "metadata": {},
   "outputs": [
    {
     "data": {
      "text/plain": [
       "array([[[ 0.000000,  0.000000,  0.000000,  0.000000,  0.000000,\n",
       "          0.000000,  0.000000, -0.000000],\n",
       "        [ 0.000000,  0.000000,  0.000000,  0.000000,  0.000000,\n",
       "          0.000000,  0.000000, -0.000000],\n",
       "        [ 0.000000,  0.000000,  0.000000,  0.000000,  0.000000,\n",
       "          0.000000,  0.000000, -0.000000],\n",
       "        [ 0.000000,  0.000000,  0.000000,  0.000000,  0.000000,\n",
       "          0.000000,  0.000000, -0.000000],\n",
       "        [ 0.000000,  0.000000,  0.000000,  0.000000,  0.000000,\n",
       "          0.000000,  0.000000, -0.000000],\n",
       "        [ 0.000000,  0.000000,  0.000000,  0.000000,  0.000000,\n",
       "          0.000000,  0.000000, -0.000000],\n",
       "        [ 0.000000,  0.000000,  0.000000,  0.000000,  0.000000,\n",
       "          0.000000,  0.000000, -0.000000],\n",
       "        [-0.000000, -0.000000, -0.000000, -0.000000, -0.000000,\n",
       "         -0.000000, -0.000000,  0.000000]],\n",
       "\n",
       "       [[ 0.000000,  0.000000,  0.000000,  0.000000,  0.000000,\n",
       "          0.000000,  0.000000, -0.000000],\n",
       "        [ 0.000000,  0.002759,  0.004971,  0.006199,  0.006199,\n",
       "          0.004971,  0.002759, -0.000000],\n",
       "        [ 0.000000,  0.004971,  0.008957,  0.011170,  0.011170,\n",
       "          0.008957,  0.004971, -0.000000],\n",
       "        [ 0.000000,  0.006199,  0.011170,  0.013928,  0.013928,\n",
       "          0.011170,  0.006199, -0.000000],\n",
       "        [ 0.000000,  0.006199,  0.011170,  0.013928,  0.013928,\n",
       "          0.011170,  0.006199, -0.000000],\n",
       "        [ 0.000000,  0.004971,  0.008957,  0.011170,  0.011170,\n",
       "          0.008957,  0.004971, -0.000000],\n",
       "        [ 0.000000,  0.002759,  0.004971,  0.006199,  0.006199,\n",
       "          0.004971,  0.002759, -0.000000],\n",
       "        [-0.000000, -0.000000, -0.000000, -0.000000, -0.000000,\n",
       "         -0.000000, -0.000000,  0.000000]],\n",
       "\n",
       "       [[ 0.000000,  0.000000,  0.000000,  0.000000,  0.000000,\n",
       "          0.000000,  0.000000, -0.000000],\n",
       "        [ 0.000000,  0.004971,  0.008957,  0.011170,  0.011170,\n",
       "          0.008957,  0.004971, -0.000000],\n",
       "        [ 0.000000,  0.008957,  0.016141,  0.020127,  0.020127,\n",
       "          0.016141,  0.008957, -0.000000],\n",
       "        [ 0.000000,  0.011170,  0.020127,  0.025098,  0.025098,\n",
       "          0.020127,  0.011170, -0.000000],\n",
       "        [ 0.000000,  0.011170,  0.020127,  0.025098,  0.025098,\n",
       "          0.020127,  0.011170, -0.000000],\n",
       "        [ 0.000000,  0.008957,  0.016141,  0.020127,  0.020127,\n",
       "          0.016141,  0.008957, -0.000000],\n",
       "        [ 0.000000,  0.004971,  0.008957,  0.011170,  0.011170,\n",
       "          0.008957,  0.004971, -0.000000],\n",
       "        [-0.000000, -0.000000, -0.000000, -0.000000, -0.000000,\n",
       "         -0.000000, -0.000000,  0.000000]],\n",
       "\n",
       "       [[ 0.000000,  0.000000,  0.000000,  0.000000,  0.000000,\n",
       "          0.000000,  0.000000, -0.000000],\n",
       "        [ 0.000000,  0.006199,  0.011170,  0.013928,  0.013928,\n",
       "          0.011170,  0.006199, -0.000000],\n",
       "        [ 0.000000,  0.011170,  0.020127,  0.025098,  0.025098,\n",
       "          0.020127,  0.011170, -0.000000],\n",
       "        [ 0.000000,  0.013928,  0.025098,  0.031297,  0.031297,\n",
       "          0.025098,  0.013928, -0.000000],\n",
       "        [ 0.000000,  0.013928,  0.025098,  0.031297,  0.031297,\n",
       "          0.025098,  0.013928, -0.000000],\n",
       "        [ 0.000000,  0.011170,  0.020127,  0.025098,  0.025098,\n",
       "          0.020127,  0.011170, -0.000000],\n",
       "        [ 0.000000,  0.006199,  0.011170,  0.013928,  0.013928,\n",
       "          0.011170,  0.006199, -0.000000],\n",
       "        [-0.000000, -0.000000, -0.000000, -0.000000, -0.000000,\n",
       "         -0.000000, -0.000000,  0.000000]],\n",
       "\n",
       "       [[ 0.000000,  0.000000,  0.000000,  0.000000,  0.000000,\n",
       "          0.000000,  0.000000, -0.000000],\n",
       "        [ 0.000000,  0.006199,  0.011170,  0.013928,  0.013928,\n",
       "          0.011170,  0.006199, -0.000000],\n",
       "        [ 0.000000,  0.011170,  0.020127,  0.025098,  0.025098,\n",
       "          0.020127,  0.011170, -0.000000],\n",
       "        [ 0.000000,  0.013928,  0.025098,  0.031297,  0.031297,\n",
       "          0.025098,  0.013928, -0.000000],\n",
       "        [ 0.000000,  0.013928,  0.025098,  0.031297,  0.031297,\n",
       "          0.025098,  0.013928, -0.000000],\n",
       "        [ 0.000000,  0.011170,  0.020127,  0.025098,  0.025098,\n",
       "          0.020127,  0.011170, -0.000000],\n",
       "        [ 0.000000,  0.006199,  0.011170,  0.013928,  0.013928,\n",
       "          0.011170,  0.006199, -0.000000],\n",
       "        [-0.000000, -0.000000, -0.000000, -0.000000, -0.000000,\n",
       "         -0.000000, -0.000000,  0.000000]],\n",
       "\n",
       "       [[ 0.000000,  0.000000,  0.000000,  0.000000,  0.000000,\n",
       "          0.000000,  0.000000, -0.000000],\n",
       "        [ 0.000000,  0.004971,  0.008957,  0.011170,  0.011170,\n",
       "          0.008957,  0.004971, -0.000000],\n",
       "        [ 0.000000,  0.008957,  0.016141,  0.020127,  0.020127,\n",
       "          0.016141,  0.008957, -0.000000],\n",
       "        [ 0.000000,  0.011170,  0.020127,  0.025098,  0.025098,\n",
       "          0.020127,  0.011170, -0.000000],\n",
       "        [ 0.000000,  0.011170,  0.020127,  0.025098,  0.025098,\n",
       "          0.020127,  0.011170, -0.000000],\n",
       "        [ 0.000000,  0.008957,  0.016141,  0.020127,  0.020127,\n",
       "          0.016141,  0.008957, -0.000000],\n",
       "        [ 0.000000,  0.004971,  0.008957,  0.011170,  0.011170,\n",
       "          0.008957,  0.004971, -0.000000],\n",
       "        [-0.000000, -0.000000, -0.000000, -0.000000, -0.000000,\n",
       "         -0.000000, -0.000000,  0.000000]],\n",
       "\n",
       "       [[ 0.000000,  0.000000,  0.000000,  0.000000,  0.000000,\n",
       "          0.000000,  0.000000, -0.000000],\n",
       "        [ 0.000000,  0.002759,  0.004971,  0.006199,  0.006199,\n",
       "          0.004971,  0.002759, -0.000000],\n",
       "        [ 0.000000,  0.004971,  0.008957,  0.011170,  0.011170,\n",
       "          0.008957,  0.004971, -0.000000],\n",
       "        [ 0.000000,  0.006199,  0.011170,  0.013928,  0.013928,\n",
       "          0.011170,  0.006199, -0.000000],\n",
       "        [ 0.000000,  0.006199,  0.011170,  0.013928,  0.013928,\n",
       "          0.011170,  0.006199, -0.000000],\n",
       "        [ 0.000000,  0.004971,  0.008957,  0.011170,  0.011170,\n",
       "          0.008957,  0.004971, -0.000000],\n",
       "        [ 0.000000,  0.002759,  0.004971,  0.006199,  0.006199,\n",
       "          0.004971,  0.002759, -0.000000],\n",
       "        [-0.000000, -0.000000, -0.000000, -0.000000, -0.000000,\n",
       "         -0.000000, -0.000000,  0.000000]],\n",
       "\n",
       "       [[-0.000000, -0.000000, -0.000000, -0.000000, -0.000000,\n",
       "         -0.000000, -0.000000,  0.000000],\n",
       "        [-0.000000, -0.000000, -0.000000, -0.000000, -0.000000,\n",
       "         -0.000000, -0.000000,  0.000000],\n",
       "        [-0.000000, -0.000000, -0.000000, -0.000000, -0.000000,\n",
       "         -0.000000, -0.000000,  0.000000],\n",
       "        [-0.000000, -0.000000, -0.000000, -0.000000, -0.000000,\n",
       "         -0.000000, -0.000000,  0.000000],\n",
       "        [-0.000000, -0.000000, -0.000000, -0.000000, -0.000000,\n",
       "         -0.000000, -0.000000,  0.000000],\n",
       "        [-0.000000, -0.000000, -0.000000, -0.000000, -0.000000,\n",
       "         -0.000000, -0.000000,  0.000000],\n",
       "        [-0.000000, -0.000000, -0.000000, -0.000000, -0.000000,\n",
       "         -0.000000, -0.000000,  0.000000],\n",
       "        [ 0.000000,  0.000000,  0.000000,  0.000000,  0.000000,\n",
       "          0.000000,  0.000000, -0.000000]]], dtype=float32)"
      ]
     },
     "execution_count": 81,
     "metadata": {},
     "output_type": "execute_result"
    }
   ],
   "source": [
    "analytical[:,:,:,0]"
   ]
  },
  {
   "cell_type": "code",
   "execution_count": 65,
   "metadata": {},
   "outputs": [
    {
     "name": "stdout",
     "output_type": "stream",
     "text": [
      "[[[0.000000 0.000000 0.000000 0.000000 0.000000 0.000000 0.000000\n",
      "   0.000000]\n",
      "  [0.000000 0.000000 0.000000 0.000000 0.000000 0.000000 0.000000\n",
      "   0.000000]\n",
      "  [0.000000 0.000000 0.000000 0.000000 0.000000 0.000000 0.000000\n",
      "   0.000000]\n",
      "  [0.000000 0.000000 0.000000 0.000000 0.000000 0.000000 0.000000\n",
      "   0.000000]\n",
      "  [0.000000 0.000000 0.000000 0.000000 0.000000 0.000000 0.000000\n",
      "   0.000000]\n",
      "  [0.000000 0.000000 0.000000 0.000000 0.000000 0.000000 0.000000\n",
      "   0.000000]\n",
      "  [0.000000 0.000000 0.000000 0.000000 0.000000 0.000000 0.000000\n",
      "   0.000000]\n",
      "  [0.000000 0.000000 0.000000 0.000000 0.000000 0.000000 0.000000\n",
      "   0.000000]]\n",
      "\n",
      " [[0.000000 0.000000 0.000000 0.000000 0.000000 0.000000 0.000000\n",
      "   0.000000]\n",
      "  [0.000000 0.002759 0.004971 0.006198 0.006198 0.004971 0.002759\n",
      "   0.000000]\n",
      "  [0.000000 0.004971 0.008957 0.011169 0.011169 0.008957 0.004971\n",
      "   0.000000]\n",
      "  [0.000000 0.006198 0.011169 0.013928 0.013928 0.011169 0.006198\n",
      "   0.000000]\n",
      "  [0.000000 0.006198 0.011169 0.013928 0.013928 0.011169 0.006198\n",
      "   0.000000]\n",
      "  [0.000000 0.004971 0.008957 0.011169 0.011169 0.008957 0.004971\n",
      "   0.000000]\n",
      "  [0.000000 0.002759 0.004971 0.006198 0.006198 0.004971 0.002759\n",
      "   0.000000]\n",
      "  [0.000000 0.000000 0.000000 0.000000 0.000000 0.000000 0.000000\n",
      "   0.000000]]\n",
      "\n",
      " [[0.000000 0.000000 0.000000 0.000000 0.000000 0.000000 0.000000\n",
      "   0.000000]\n",
      "  [0.000000 0.004971 0.008957 0.011169 0.011169 0.008957 0.004971\n",
      "   0.000000]\n",
      "  [0.000000 0.008957 0.016140 0.020126 0.020126 0.016140 0.008957\n",
      "   0.000000]\n",
      "  [0.000000 0.011169 0.020126 0.025097 0.025097 0.020126 0.011169\n",
      "   0.000000]\n",
      "  [0.000000 0.011169 0.020126 0.025097 0.025097 0.020126 0.011169\n",
      "   0.000000]\n",
      "  [0.000000 0.008957 0.016140 0.020126 0.020126 0.016140 0.008957\n",
      "   0.000000]\n",
      "  [0.000000 0.004971 0.008957 0.011169 0.011169 0.008957 0.004971\n",
      "   0.000000]\n",
      "  [0.000000 0.000000 0.000000 0.000000 0.000000 0.000000 0.000000\n",
      "   0.000000]]\n",
      "\n",
      " [[0.000000 0.000000 0.000000 0.000000 0.000000 0.000000 0.000000\n",
      "   0.000000]\n",
      "  [0.000000 0.006198 0.011169 0.013928 0.013928 0.011169 0.006198\n",
      "   0.000000]\n",
      "  [0.000000 0.011169 0.020126 0.025097 0.025097 0.020126 0.011169\n",
      "   0.000000]\n",
      "  [0.000000 0.013928 0.025097 0.031295 0.031295 0.025097 0.013928\n",
      "   0.000000]\n",
      "  [0.000000 0.013928 0.025097 0.031295 0.031295 0.025097 0.013928\n",
      "   0.000000]\n",
      "  [0.000000 0.011169 0.020126 0.025097 0.025097 0.020126 0.011169\n",
      "   0.000000]\n",
      "  [0.000000 0.006198 0.011169 0.013928 0.013928 0.011169 0.006198\n",
      "   0.000000]\n",
      "  [0.000000 0.000000 0.000000 0.000000 0.000000 0.000000 0.000000\n",
      "   0.000000]]\n",
      "\n",
      " [[0.000000 0.000000 0.000000 0.000000 0.000000 0.000000 0.000000\n",
      "   0.000000]\n",
      "  [0.000000 0.006198 0.011169 0.013928 0.013928 0.011169 0.006198\n",
      "   0.000000]\n",
      "  [0.000000 0.011169 0.020126 0.025097 0.025097 0.020126 0.011169\n",
      "   0.000000]\n",
      "  [0.000000 0.013928 0.025097 0.031295 0.031295 0.025097 0.013928\n",
      "   0.000000]\n",
      "  [0.000000 0.013928 0.025097 0.031295 0.031295 0.025097 0.013928\n",
      "   0.000000]\n",
      "  [0.000000 0.011169 0.020126 0.025097 0.025097 0.020126 0.011169\n",
      "   0.000000]\n",
      "  [0.000000 0.006198 0.011169 0.013928 0.013928 0.011169 0.006198\n",
      "   0.000000]\n",
      "  [0.000000 0.000000 0.000000 0.000000 0.000000 0.000000 0.000000\n",
      "   0.000000]]\n",
      "\n",
      " [[0.000000 0.000000 0.000000 0.000000 0.000000 0.000000 0.000000\n",
      "   0.000000]\n",
      "  [0.000000 0.004971 0.008957 0.011169 0.011169 0.008957 0.004971\n",
      "   0.000000]\n",
      "  [0.000000 0.008957 0.016140 0.020126 0.020126 0.016140 0.008957\n",
      "   0.000000]\n",
      "  [0.000000 0.011169 0.020126 0.025097 0.025097 0.020126 0.011169\n",
      "   0.000000]\n",
      "  [0.000000 0.011169 0.020126 0.025097 0.025097 0.020126 0.011169\n",
      "   0.000000]\n",
      "  [0.000000 0.008957 0.016140 0.020126 0.020126 0.016140 0.008957\n",
      "   0.000000]\n",
      "  [0.000000 0.004971 0.008957 0.011169 0.011169 0.008957 0.004971\n",
      "   0.000000]\n",
      "  [0.000000 0.000000 0.000000 0.000000 0.000000 0.000000 0.000000\n",
      "   0.000000]]\n",
      "\n",
      " [[0.000000 0.000000 0.000000 0.000000 0.000000 0.000000 0.000000\n",
      "   0.000000]\n",
      "  [0.000000 0.002759 0.004971 0.006198 0.006198 0.004971 0.002759\n",
      "   0.000000]\n",
      "  [0.000000 0.004971 0.008957 0.011169 0.011169 0.008957 0.004971\n",
      "   0.000000]\n",
      "  [0.000000 0.006198 0.011169 0.013928 0.013928 0.011169 0.006198\n",
      "   0.000000]\n",
      "  [0.000000 0.006198 0.011169 0.013928 0.013928 0.011169 0.006198\n",
      "   0.000000]\n",
      "  [0.000000 0.004971 0.008957 0.011169 0.011169 0.008957 0.004971\n",
      "   0.000000]\n",
      "  [0.000000 0.002759 0.004971 0.006198 0.006198 0.004971 0.002759\n",
      "   0.000000]\n",
      "  [0.000000 0.000000 0.000000 0.000000 0.000000 0.000000 0.000000\n",
      "   0.000000]]\n",
      "\n",
      " [[0.000000 0.000000 0.000000 0.000000 0.000000 0.000000 0.000000\n",
      "   0.000000]\n",
      "  [0.000000 0.000000 0.000000 0.000000 0.000000 0.000000 0.000000\n",
      "   0.000000]\n",
      "  [0.000000 0.000000 0.000000 0.000000 0.000000 0.000000 0.000000\n",
      "   0.000000]\n",
      "  [0.000000 0.000000 0.000000 0.000000 0.000000 0.000000 0.000000\n",
      "   0.000000]\n",
      "  [0.000000 0.000000 0.000000 0.000000 0.000000 0.000000 0.000000\n",
      "   0.000000]\n",
      "  [0.000000 0.000000 0.000000 0.000000 0.000000 0.000000 0.000000\n",
      "   0.000000]\n",
      "  [0.000000 0.000000 0.000000 0.000000 0.000000 0.000000 0.000000\n",
      "   0.000000]\n",
      "  [0.000000 0.000000 0.000000 0.000000 0.000000 0.000000 0.000000\n",
      "   0.000000]]]\n"
     ]
    }
   ],
   "source": [
    "print(analytical[:,:,:,1])"
   ]
  },
  {
   "cell_type": "code",
   "execution_count": 87,
   "metadata": {},
   "outputs": [
    {
     "name": "stdout",
     "output_type": "stream",
     "text": [
      "2.7755596364621715e-05\n",
      "8.323476834705065e-05\n",
      "0.00016637504669783643\n",
      "0.00027708730058760567\n",
      "0.00041524651600146137\n",
      "0.0005807049557724417\n",
      "0.0007732774097150563\n",
      "0.0009927544140641113\n"
     ]
    }
   ],
   "source": [
    "def laplasian(a):\n",
    "    padded = np.pad(a, 1, 'constant')\n",
    "    out = (padded[:-2,1:-1,1:-1] - 2 * padded[1:-1,1:-1,1:-1] + padded[2:,1:-1,1:-1]) / hx ** 2 + \\\n",
    "          (padded[1:-1,:-2,1:-1] - 2 * padded[1:-1,1:-1,1:-1] + padded[1:-1,2:,1:-1]) / hy ** 2 + \\\n",
    "          (padded[1:-1,1:-1,:-2] - 2 * padded[1:-1,1:-1,1:-1] + padded[1:-1,1:-1,2:]) / hz ** 2 / mult\n",
    "    lap_mult = np.pi**2 * (1./Lx**2 + 1./Ly**2 + 1./Lz**2)\n",
    "\n",
    "    \n",
    "    return out # np.zeros(out.shape)\n",
    "\n",
    "def process_borders(a):\n",
    "    a[0,:,:] = 0\n",
    "    a[-1,:,:] = 0\n",
    "    a[:,0,:] = 0\n",
    "    a[:,-1,:] = 0\n",
    "    a[:,:,0] = 0\n",
    "    a[:,:,-1] = 0\n",
    "\n",
    "result = np.zeros((nodes, nodes, nodes, time_ticks))\n",
    "# result[:,:,:,0:1] = np.sin(np.pi * X / Lx) * np.sin(np.pi * Y / Ly) * np.sin(np.pi * Z / Lz)\n",
    "# result[:,:,:,1] = result[:,:,:,0] + tau ** 2 * laplasian(result[:,:,:,0]) / 2\n",
    "\n",
    "result[:,:,:,0] = analytical[:,:,:,0]\n",
    "result[:,:,:,1] = analytical[:,:,:,1]\n",
    "\n",
    "np.set_printoptions(precision=6)\n",
    "np.set_printoptions(floatmode='fixed')\n",
    "\n",
    "# print(analytical[:,:,:,0])\n",
    "\n",
    "for i in range(2, time_ticks):\n",
    "    lapl = laplasian(result[:,:,:,i-1])\n",
    "    result[:,:,:,i] = 2 * result[:,:,:,i-1] - result[:,:,:,i-2] + tau ** 2 * lapl / 2\n",
    "    process_borders(result[:,:,:,i])\n",
    "    print(np.max(abs(result[:,:,:,i] - analytical[:,:,:,i])))\n",
    "\n"
   ]
  },
  {
   "cell_type": "code",
   "execution_count": null,
   "metadata": {},
   "outputs": [],
   "source": []
  },
  {
   "cell_type": "code",
   "execution_count": 13,
   "metadata": {},
   "outputs": [],
   "source": []
  },
  {
   "cell_type": "code",
   "execution_count": null,
   "metadata": {},
   "outputs": [],
   "source": []
  },
  {
   "cell_type": "code",
   "execution_count": null,
   "metadata": {},
   "outputs": [],
   "source": []
  }
 ],
 "metadata": {
  "kernelspec": {
   "display_name": "Python 3",
   "language": "python",
   "name": "python3"
  },
  "language_info": {
   "codemirror_mode": {
    "name": "ipython",
    "version": 3
   },
   "file_extension": ".py",
   "mimetype": "text/x-python",
   "name": "python",
   "nbconvert_exporter": "python",
   "pygments_lexer": "ipython3",
   "version": "3.7.3"
  }
 },
 "nbformat": 4,
 "nbformat_minor": 2
}
