{
 "cells": [
  {
   "cell_type": "code",
   "execution_count": 2,
   "metadata": {},
   "outputs": [],
   "source": [
    "import numpy as np"
   ]
  },
  {
   "cell_type": "code",
   "execution_count": 26,
   "metadata": {},
   "outputs": [],
   "source": [
    "Lx, Ly, Lz = 1, 1, 1\n",
    "nodes = 8\n",
    "hx = Lx / (nodes - 1)\n",
    "hy = Ly / (nodes - 1)\n",
    "hz = Lz / (nodes - 1)\n",
    "\n",
    "\n",
    "time_ticks = 10\n",
    "tau = 1e-2\n",
    "\n",
    "X = np.arange(nodes)[:, np.newaxis, np.newaxis, np.newaxis] / (nodes - 1) * Lx\n",
    "Y = np.arange(nodes)[np.newaxis, :, np.newaxis, np.newaxis] / (nodes - 1) * Ly\n",
    "Z = np.arange(nodes)[np.newaxis, np.newaxis, :, np.newaxis] / (nodes - 1) * Lz\n",
    "T = np.arange(time_ticks)[np.newaxis, np.newaxis, np.newaxis, :] * tau\n",
    "\n",
    "analytical = np.sin(np.pi * X / Lx) * np.sin(np.pi * Y / Ly) * np.sin(np.pi * Z / Lz) * np.cos(3 * T) \n",
    "\n",
    "# analytical = np.sin(3 * np.pi * X / Lx) * np.sin( 3 * np.pi * Y / Ly) * np.sin(np.pi * Z / Lz) * np.cos(4 * (T + np.pi)) \n"
   ]
  },
  {
   "cell_type": "code",
   "execution_count": 31,
   "metadata": {},
   "outputs": [
    {
     "data": {
      "text/plain": [
       "array([[[[0.000000, 0.010000, 0.020000, 0.030000, 0.040000, 0.050000,\n",
       "          0.060000, 0.070000, 0.080000, 0.090000]]]])"
      ]
     },
     "execution_count": 31,
     "metadata": {},
     "output_type": "execute_result"
    }
   ],
   "source": [
    "T"
   ]
  },
  {
   "cell_type": "code",
   "execution_count": 30,
   "metadata": {},
   "outputs": [
    {
     "name": "stdout",
     "output_type": "stream",
     "text": [
      "[[[0.000000 0.000000 0.000000 0.000000 0.000000 0.000000 0.000000\n",
      "   0.000000]\n",
      "  [0.000000 0.000000 0.000000 0.000000 0.000000 0.000000 0.000000\n",
      "   0.000000]\n",
      "  [0.000000 0.000000 0.000000 0.000000 0.000000 0.000000 0.000000\n",
      "   0.000000]\n",
      "  [0.000000 0.000000 0.000000 0.000000 0.000000 0.000000 0.000000\n",
      "   0.000000]\n",
      "  [0.000000 0.000000 0.000000 0.000000 0.000000 0.000000 0.000000\n",
      "   0.000000]\n",
      "  [0.000000 0.000000 0.000000 0.000000 0.000000 0.000000 0.000000\n",
      "   0.000000]\n",
      "  [0.000000 0.000000 0.000000 0.000000 0.000000 0.000000 0.000000\n",
      "   0.000000]\n",
      "  [0.000000 0.000000 0.000000 0.000000 0.000000 0.000000 0.000000\n",
      "   0.000000]]\n",
      "\n",
      " [[0.000000 0.000000 0.000000 0.000000 0.000000 0.000000 0.000000\n",
      "   0.000000]\n",
      "  [0.000000 0.081644 0.147118 0.183453 0.183453 0.147118 0.081644\n",
      "   0.000000]\n",
      "  [0.000000 0.147118 0.265097 0.330570 0.330570 0.265097 0.147118\n",
      "   0.000000]\n",
      "  [0.000000 0.183453 0.330570 0.412214 0.412214 0.330570 0.183453\n",
      "   0.000000]\n",
      "  [0.000000 0.183453 0.330570 0.412214 0.412214 0.330570 0.183453\n",
      "   0.000000]\n",
      "  [0.000000 0.147118 0.265097 0.330570 0.330570 0.265097 0.147118\n",
      "   0.000000]\n",
      "  [0.000000 0.081644 0.147118 0.183453 0.183453 0.147118 0.081644\n",
      "   0.000000]\n",
      "  [0.000000 0.000000 0.000000 0.000000 0.000000 0.000000 0.000000\n",
      "   0.000000]]\n",
      "\n",
      " [[0.000000 0.000000 0.000000 0.000000 0.000000 0.000000 0.000000\n",
      "   0.000000]\n",
      "  [0.000000 0.147118 0.265097 0.330570 0.330570 0.265097 0.147118\n",
      "   0.000000]\n",
      "  [0.000000 0.265097 0.477688 0.595667 0.595667 0.477688 0.265097\n",
      "   0.000000]\n",
      "  [0.000000 0.330570 0.595667 0.742784 0.742784 0.595667 0.330570\n",
      "   0.000000]\n",
      "  [0.000000 0.330570 0.595667 0.742784 0.742784 0.595667 0.330570\n",
      "   0.000000]\n",
      "  [0.000000 0.265097 0.477688 0.595667 0.595667 0.477688 0.265097\n",
      "   0.000000]\n",
      "  [0.000000 0.147118 0.265097 0.330570 0.330570 0.265097 0.147118\n",
      "   0.000000]\n",
      "  [0.000000 0.000000 0.000000 0.000000 0.000000 0.000000 0.000000\n",
      "   0.000000]]\n",
      "\n",
      " [[0.000000 0.000000 0.000000 0.000000 0.000000 0.000000 0.000000\n",
      "   0.000000]\n",
      "  [0.000000 0.183453 0.330570 0.412214 0.412214 0.330570 0.183453\n",
      "   0.000000]\n",
      "  [0.000000 0.330570 0.595667 0.742784 0.742784 0.595667 0.330570\n",
      "   0.000000]\n",
      "  [0.000000 0.412214 0.742784 0.926237 0.926237 0.742784 0.412214\n",
      "   0.000000]\n",
      "  [0.000000 0.412214 0.742784 0.926237 0.926237 0.742784 0.412214\n",
      "   0.000000]\n",
      "  [0.000000 0.330570 0.595667 0.742784 0.742784 0.595667 0.330570\n",
      "   0.000000]\n",
      "  [0.000000 0.183453 0.330570 0.412214 0.412214 0.330570 0.183453\n",
      "   0.000000]\n",
      "  [0.000000 0.000000 0.000000 0.000000 0.000000 0.000000 0.000000\n",
      "   0.000000]]\n",
      "\n",
      " [[0.000000 0.000000 0.000000 0.000000 0.000000 0.000000 0.000000\n",
      "   0.000000]\n",
      "  [0.000000 0.183453 0.330570 0.412214 0.412214 0.330570 0.183453\n",
      "   0.000000]\n",
      "  [0.000000 0.330570 0.595667 0.742784 0.742784 0.595667 0.330570\n",
      "   0.000000]\n",
      "  [0.000000 0.412214 0.742784 0.926237 0.926237 0.742784 0.412214\n",
      "   0.000000]\n",
      "  [0.000000 0.412214 0.742784 0.926237 0.926237 0.742784 0.412214\n",
      "   0.000000]\n",
      "  [0.000000 0.330570 0.595667 0.742784 0.742784 0.595667 0.330570\n",
      "   0.000000]\n",
      "  [0.000000 0.183453 0.330570 0.412214 0.412214 0.330570 0.183453\n",
      "   0.000000]\n",
      "  [0.000000 0.000000 0.000000 0.000000 0.000000 0.000000 0.000000\n",
      "   0.000000]]\n",
      "\n",
      " [[0.000000 0.000000 0.000000 0.000000 0.000000 0.000000 0.000000\n",
      "   0.000000]\n",
      "  [0.000000 0.147118 0.265097 0.330570 0.330570 0.265097 0.147118\n",
      "   0.000000]\n",
      "  [0.000000 0.265097 0.477688 0.595667 0.595667 0.477688 0.265097\n",
      "   0.000000]\n",
      "  [0.000000 0.330570 0.595667 0.742784 0.742784 0.595667 0.330570\n",
      "   0.000000]\n",
      "  [0.000000 0.330570 0.595667 0.742784 0.742784 0.595667 0.330570\n",
      "   0.000000]\n",
      "  [0.000000 0.265097 0.477688 0.595667 0.595667 0.477688 0.265097\n",
      "   0.000000]\n",
      "  [0.000000 0.147118 0.265097 0.330570 0.330570 0.265097 0.147118\n",
      "   0.000000]\n",
      "  [0.000000 0.000000 0.000000 0.000000 0.000000 0.000000 0.000000\n",
      "   0.000000]]\n",
      "\n",
      " [[0.000000 0.000000 0.000000 0.000000 0.000000 0.000000 0.000000\n",
      "   0.000000]\n",
      "  [0.000000 0.081644 0.147118 0.183453 0.183453 0.147118 0.081644\n",
      "   0.000000]\n",
      "  [0.000000 0.147118 0.265097 0.330570 0.330570 0.265097 0.147118\n",
      "   0.000000]\n",
      "  [0.000000 0.183453 0.330570 0.412214 0.412214 0.330570 0.183453\n",
      "   0.000000]\n",
      "  [0.000000 0.183453 0.330570 0.412214 0.412214 0.330570 0.183453\n",
      "   0.000000]\n",
      "  [0.000000 0.147118 0.265097 0.330570 0.330570 0.265097 0.147118\n",
      "   0.000000]\n",
      "  [0.000000 0.081644 0.147118 0.183453 0.183453 0.147118 0.081644\n",
      "   0.000000]\n",
      "  [0.000000 0.000000 0.000000 0.000000 0.000000 0.000000 0.000000\n",
      "   0.000000]]\n",
      "\n",
      " [[0.000000 0.000000 0.000000 0.000000 0.000000 0.000000 0.000000\n",
      "   0.000000]\n",
      "  [0.000000 0.000000 0.000000 0.000000 0.000000 0.000000 0.000000\n",
      "   0.000000]\n",
      "  [0.000000 0.000000 0.000000 0.000000 0.000000 0.000000 0.000000\n",
      "   0.000000]\n",
      "  [0.000000 0.000000 0.000000 0.000000 0.000000 0.000000 0.000000\n",
      "   0.000000]\n",
      "  [0.000000 0.000000 0.000000 0.000000 0.000000 0.000000 0.000000\n",
      "   0.000000]\n",
      "  [0.000000 0.000000 0.000000 0.000000 0.000000 0.000000 0.000000\n",
      "   0.000000]\n",
      "  [0.000000 0.000000 0.000000 0.000000 0.000000 0.000000 0.000000\n",
      "   0.000000]\n",
      "  [0.000000 0.000000 0.000000 0.000000 0.000000 0.000000 0.000000\n",
      "   0.000000]]]\n"
     ]
    }
   ],
   "source": [
    "print(analytical[:,:,:,1])"
   ]
  },
  {
   "cell_type": "code",
   "execution_count": 40,
   "metadata": {},
   "outputs": [
    {
     "name": "stdout",
     "output_type": "stream",
     "text": [
      "0.0005148257220984886 0.0012505135770334297\n",
      "0.0015430326379324288 0.0020829388377434643\n",
      "0.0030819661776559926 0.0029134895940936545\n",
      "0.005127766636247588 0.0037414184064636924\n",
      "0.007675376249647092 0.00456598019480603\n",
      "0.010718548429111019 0.005386432909167738\n",
      "0.01424985913865906 0.0062020381974843275\n",
      "0.018260720396991892 0.007012062070048231\n"
     ]
    }
   ],
   "source": [
    "def laplasian(a):\n",
    "    padded = np.pad(a, 1, 'constant')\n",
    "    out = (padded[:-2,1:-1,1:-1] - 2 * padded[1:-1,1:-1,1:-1] + padded[2:,1:-1,1:-1]) / hx ** 2 + \\\n",
    "          (padded[1:-1,:-2,1:-1] - 2 * padded[1:-1,1:-1,1:-1] + padded[1:-1,2:,1:-1]) / hy ** 2 + \\\n",
    "          (padded[1:-1,1:-1,:-2] - 2 * padded[1:-1,1:-1,1:-1] + padded[1:-1,1:-1,2:]) / hz ** 2\n",
    "    \n",
    "    return out\n",
    "\n",
    "def process_borders(a):\n",
    "    a[0,:,:] = 0\n",
    "    a[-1,:,:] = 0\n",
    "    a[:,0,:] = 0\n",
    "    a[:,-1,:] = 0\n",
    "    a[:,:,0] = 0\n",
    "    a[:,:,-1] = 0\n",
    "\n",
    "result = np.zeros((nodes, nodes, nodes, time_ticks))\n",
    "# result[:,:,:,0:1] = np.sin(np.pi * X / Lx) * np.sin(np.pi * Y / Ly) * np.sin(np.pi * Z / Lz)\n",
    "# result[:,:,:,1] = result[:,:,:,0] + tau ** 2 * laplasian(result[:,:,:,0]) / 2\n",
    "\n",
    "result[:,:,:,0] = analytical[:,:,:,0]\n",
    "result[:,:,:,1] = analytical[:,:,:,1]\n",
    "\n",
    "np.set_printoptions(precision=6)\n",
    "np.set_printoptions(floatmode='fixed')\n",
    "\n",
    "# print(analytical[:,:,:,0])\n",
    "\n",
    "for i in range(2, time_ticks):\n",
    "    lapl = laplasian(result[:,:,:,i-1])\n",
    "    result[:,:,:,i] = 2 * result[:,:,:,i-1] - result[:,:,:,i-2] + tau ** 2 * lapl / 2\n",
    "    process_borders(result[:,:,:,i])\n",
    "    print(np.max(abs(result[:,:,:,i] - analytical[:,:,:,i])), np.max(abs(analytical[:,:,:,i] - analytical[:,:,:,i-1])))\n",
    "\n"
   ]
  },
  {
   "cell_type": "code",
   "execution_count": null,
   "metadata": {},
   "outputs": [],
   "source": []
  },
  {
   "cell_type": "code",
   "execution_count": 13,
   "metadata": {},
   "outputs": [],
   "source": []
  },
  {
   "cell_type": "code",
   "execution_count": null,
   "metadata": {},
   "outputs": [],
   "source": []
  },
  {
   "cell_type": "code",
   "execution_count": null,
   "metadata": {},
   "outputs": [],
   "source": []
  }
 ],
 "metadata": {
  "kernelspec": {
   "display_name": "Python 3",
   "language": "python",
   "name": "python3"
  },
  "language_info": {
   "codemirror_mode": {
    "name": "ipython",
    "version": 3
   },
   "file_extension": ".py",
   "mimetype": "text/x-python",
   "name": "python",
   "nbconvert_exporter": "python",
   "pygments_lexer": "ipython3",
   "version": "3.7.3"
  }
 },
 "nbformat": 4,
 "nbformat_minor": 2
}
